list(X_pac=1.37000E+02, Y_pac=8.90000E+01, X_pam=1.69000E+02, Y_pam=1.63000E+02)
