list(r_pac=1.00000E-01, lor=0.00000E+00)
