list(r_pac=9.00000E-01, lor=5.00000E+00)
